(turno:0)
(mapa:15)
(Door:close:3: 15:)
 _ _ _ _
|2   _ _|
| | |_ _|
|_| |_|_|
|C   _ T|
(sala:3: 0 1 1 2 3 )
(sala:4: 3 4 5 5 6 )
(sala:6: 7 7 8 9 9 )
(sala:8: 10 11 11 12 13 )
(sala:9: 13 14 15 15 16 )
(sala:10: 17 17 18 19 19 )
(sala:11: 20 21 21 22 23 )
(sala:12: 23 24 25 25 26 )
(sala:13: 27 27 28 29 29 )
(Stark:E:0:0:)
(Targaryen:D:0:0:)
(WhiteWalkers:C:12:0:)
(Lannister:T:15:0:0 1 1 2 3 3 4 5 5 6 7 7 8 9 9 10 11 11 12 13 13 14 15 15 16 17 17 18 19 19 20 21 21 22 23 23 24 25 25 26 27 27 28 29 29 )
